MEME version 4.6.1

ALPHABET= ACGT

strands: + -

Background letter frequencies (from
A 0.285 C 0.215 G 0.215 T 0.285

MOTIF ABF1
letter-probability matrix: alength= 4 w= 16 nsites= 16 E= 0
0.11	0.41	0.04	0.44	
0	0.99	0	0.01	
0	0	1	0	
0	0	0	1	
0.41	0.17	0.22	0.2	
0.22	0.24	0.26	0.28	
0.39	0.16	0.28	0.17	
0.34	0.18	0.2	0.28	
0.4	0.21	0.24	0.15	
0.418367	0	0.581633	0	
0.118812	0.247525	0.0891089	0.544554	
0	0	0.81	0.19	
0.92	0.08	0	0	
0	0.45	0.09	0.46	
0.37	0.22	0.18	0.23	
0.34	0.18	0.14	0.34	

MOTIF ABF2
letter-probability matrix: alength= 4 w= 7 nsites= 7 E= 0
0.18	0.39	0.25	0.18	
0.09	0.09	0.02	0.8	
0	1	0	0	
0	0	0	1	
1	0	0	0	
0	0	1	0	
0.940594	0.019802	0.019802	0.019802	

MOTIF ACE2
letter-probability matrix: alength= 4 w= 7 nsites= 7 E= 0
0.454545	0.282828	0.212121	0.0505051	
0.01	0.92	0.06	0.01	
0	1	0	0	
0.9	0.1	0	0	
0	0	1	0	
0	1	0	0	
0.49	0.2	0.17	0.14	

MOTIF ADR1
letter-probability matrix: alength= 4 w= 7 nsites= 7 E= 0
0.41	0.24	0.13	0.22	
0	1	0	0	
0	0.85	0	0.15	
0	1	0	0	
0	1	0	0	
0.64	0.06	0.2	0.1	
0.34	0.51	0.06	0.09	

MOTIF AFT1
letter-probability matrix: alength= 4 w= 21 nsites= 21 E= 0
0.106212	0.205411	0.231463	0.456914	
0.155311	0.249499	0.220441	0.374749	
0.362725	0.197395	0.221443	0.218437	
0.179539	0.397192	0.222668	0.200602	
0.426854	0.231463	0.154309	0.187375	
0.136409	0.0782347	0.142427	0.642929	
0.717435	0.0250501	0.0310621	0.226453	
0.145145	0.031031	0.288288	0.535536	
0.0340681	0.0470942	0.0390782	0.87976	
0.160321	0.01002	0.813627	0.0160321	
0.0100301	0.968907	0.0110331	0.0100301	
0.961962	0.00900901	0.015015	0.014014	
0.00800801	0.972973	0.00900901	0.01001	
0.0250501	0.956914	0.00200401	0.0160321	
0.0190572	0.742227	0.0130391	0.225677	
0.181545	0.257773	0.495486	0.0651956	
0.265531	0.252505	0.241483	0.240481	
0.287575	0.155311	0.183367	0.373747	
0.276553	0.180361	0.0681363	0.47495	
0.12337	0.225677	0.358074	0.292879	
0.154309	0.236473	0.458918	0.150301	

MOTIF AFT2
letter-probability matrix: alength= 4 w= 8 nsites= 8 E= 0
0.08	0.45	0.27	0.2	
0.7	0	0.3	0	
0	1	0	0	
1	0	0	0	
0	1	0	0	
0	1	0	0	
0	1	0	0	
0.0909091	0.424242	0.272727	0.212121	

MOTIF ARG80
letter-probability matrix: alength= 4 w= 6 nsites= 6 E= 0
0.563291	0	0	0.436709	
0	0	1	0	
1	0	0	0	
0	1	0	0	
0.229167	0	0.411458	0.359375	
0	0.927536	0	0.0724638	

MOTIF ARG81
letter-probability matrix: alength= 4 w= 8 nsites= 8 E= 0
0.29798	0.0606061	0.419192	0.222222	
0.0365854	0	0.0243902	0.939024	
0.0772201	0	0.92278	0	
1	0	0	0	
0	0.996324	0	0.00367647	
0.00606061	0	0	0.993939	
0	1	0	0	
0.317204	0.317204	0.0215054	0.344086	

MOTIF ARO80
letter-probability matrix: alength= 4 w= 21 nsites= 21 E= 0
0.102204	0.155311	0.532064	0.210421	
0.330661	0.193387	0.301603	0.174349	
0.126253	0.232465	0.317635	0.323647	
0.407407	0.253253	0.203203	0.136136	
0.390782	0.193387	0.229459	0.186373	
0.310621	0.198397	0.135271	0.355711	
0.0830831	0.154154	0.336336	0.426426	
0.04004	0.744745	0.03003	0.185185	
0.00501505	0.231695	0.00802407	0.755266	
0.00501002	0.988978	0.001002	0.00501002	
0.001001	0.022022	0.975976	0.001001	
0.001002	0.00501002	0.991984	0.00200401	
0.0150301	0.359719	0.295591	0.329659	
0.671343	0.00400802	0.00601202	0.318637	
0.690691	0.0680681	0.0600601	0.181181	
0.10521	0.222445	0.372745	0.299599	
0.269269	0.119119	0.193193	0.418418	
0.353707	0.210421	0.205411	0.230461	
0.257257	0.217217	0.178178	0.347347	
0.236473	0.103206	0.349699	0.310621	
0.278557	0.252505	0.170341	0.298597	

MOTIF ARR1
letter-probability matrix: alength= 4 w= 8 nsites= 8 E= 0
1	0	0	0	
0.119403	0.373134	0.144279	0.363184	
0.160428	0.374332	0	0.465241	
0	0	0	1	
0.311966	0	0.688034	0	
0.708791	0.225275	0.0659341	0	
0.810651	0	0.171598	0.0177515	
0.0670732	0	0.146341	0.786585	

MOTIF ASG1
letter-probability matrix: alength= 4 w= 6 nsites= 6 E= 0
0	0.76	0	0.24	
0	1	0	0	
0	0	1	0	
0	0	1	0	
0.727273	0.111111	0.161616	0	
0.53	0	0	0.47	

MOTIF ASH1
letter-probability matrix: alength= 4 w= 10 nsites= 10 E= 0
0	0.836502	0.0304183	0.13308	
0	0.989796	0	0.0102041	
0.271111	0.0933333	0.591111	0.0444444	
0.257778	0.24	0.448889	0.0533333	
0.706522	0	0.293478	0	
0	0.0662651	0.0481928	0.885542	
0.146018	0.663717	0.0353982	0.154867	
0.40404	0	0.464646	0.131313	
0	0.0289855	0.902174	0.0688406	
0	0	0.934307	0.0656934	

MOTIF AZF1
letter-probability matrix: alength= 4 w= 9 nsites= 9 E= 0
0.617647	0.127451	0.127451	0.127451	
1	0	0	0	
1	0	0	0	
0.871287	0.128713	0	0	
0.75	0	0.25	0	
0	0	1	0	
0.78	0.16	0.03	0.03	
0.818182	0.0606061	0.0606061	0.0606061	
0.617647	0.127451	0.127451	0.127451	

MOTIF BAS1
letter-probability matrix: alength= 4 w= 21 nsites= 21 E= 0
0.0641283	0.217435	0.425852	0.292585	
0.104208	0.553106	0.150301	0.192385	
0.485456	0.111334	0.114343	0.288867	
0.0781563	0.401804	0.186373	0.333667	
0.455912	0.0511022	0.370741	0.122244	
0.248497	0.0340681	0.671343	0.0460922	
0.0981964	0.725451	0.143287	0.0330661	
0.0521565	0.920762	0.00702106	0.0200602	
0.348697	0.346693	0.280561	0.0240481	
0.012024	0.00300601	0.978958	0.00601202	
0.967936	0.00501002	0.0230461	0.00400802	
0.0260521	0.00601202	0.963928	0.00400802	
0.00901804	0.01002	0.00400802	0.976954	
0.047047	0.930931	0.00700701	0.015015	
0.892893	0.042042	0.016016	0.049049	
0.487976	0.123246	0.320641	0.0681363	
0.288288	0.14014	0.317317	0.254254	
0.373747	0.11022	0.0811623	0.43487	
0.178536	0.368104	0.184554	0.268806	
0.40321	0.140421	0.342026	0.114343	
0.435435	0.229229	0.241241	0.0940941	

MOTIF CAD1
letter-probability matrix: alength= 4 w= 10 nsites= 10 E= 0
0.912156	0.0443656	0.0434783	0	
0.0442518	0	0	0.955748	
0	0	0	1	
0.874942	0.0453914	0	0.0796665	
0.264151	0.093462	0.642387	0	
0	0	0	1	
0.90432	0.0956804	0	0	
1	0	0	0	
0	0	0.639566	0.360434	
0	0.955606	0	0.0443936	

MOTIF CAT8
letter-probability matrix: alength= 4 w= 6 nsites= 6 E= 0
0	1	0	0	
0	1	0	0	
0	0	1	0	
0	0	1	0	
0.66	0.13	0.21	0	
0.32	0.18	0.28	0.22	

MOTIF CBF1
letter-probability matrix: alength= 4 w= 8 nsites= 8 E= 0
0.191919	0.0808081	0.535354	0.191919	
0.029703	0.910891	0.029703	0.029703	
1	0	0	0	
0	1	0	0	
0	0	1	0	
0	0	0	1	
0	0	1	0	
0.712871	0.168317	0.0594059	0.0594059	

MOTIF CEP3
letter-probability matrix: alength= 4 w= 8 nsites= 8 E= 0
0.04	0.56	0.04	0.36	
0	0	0	1	
0	1	0	0	
0	0	1	0	
0	0	1	0	
0.91	0.01	0.01	0.07	
0.910891	0.029703	0.029703	0.029703	
0.42	0.21	0.21	0.16	

MOTIF CHA4
letter-probability matrix: alength= 4 w= 8 nsites= 8 E= 0
0.22	0.05	0.68	0.05	
0	0	1	0	
0	1	0	0	
0	0	1	0	
0	0	1	0	
0.717172	0	0.282828	0	
0.22	0.01	0.76	0.01	
0.484848	0.10101	0.10101	0.313131	

MOTIF CIN5
letter-probability matrix: alength= 4 w= 10 nsites= 10 E= 0
0	0	0.09	0.91	
0.131313	0.0707071	0.232323	0.565657	
1	0	0	0	
0.108911	0.534653	0.049505	0.306931	
0.2	0.16	0.57	0.07	
0	0	0	1	
0.91	0.09	0	0	
1	0	0	0	
0.019802	0.138614	0.376238	0.465347	
0.15	0.7	0.08	0.07	

MOTIF CRZ1
letter-probability matrix: alength= 4 w= 9 nsites= 9 E= 0
0.2	0.48	0.18	0.14	
0.282828	0.222222	0.171717	0.323232	
0.37	0.3	0.22	0.11	
0.623762	0.356436	0.00990099	0.00990099	
0	0	1	0	
0	1	0	0	
0	1	0	0	
0.42	0.3	0.07	0.21	
0.0707071	0.767677	0.0808081	0.0808081	

MOTIF CST6
letter-probability matrix: alength= 4 w= 9 nsites= 9 E= 0
0.465347	0.108911	0.316832	0.108911	
0.010101	0.010101	0.010101	0.969697	
0.01	0.01	0.91	0.07	
1	0	0	0	
0	1	0	0	
0.05	0	0.95	0	
0	0	0	1	
0.454545	0.282828	0.0808081	0.181818	
0.46	0.14	0.2	0.2	

MOTIF CUP2
letter-probability matrix: alength= 4 w= 11 nsites= 11 E= 0
0	0.777778	0	0.222222	
1	0	0	0	
0	0	1	0	
0.222222	0.777778	0	0	
0.666667	0	0.333333	0	
0.444444	0.111111	0.444444	0	
1	0	0	0	
1	0	0	0	
0.777778	0	0.222222	0	
0.444444	0	0	0.555556	
0.222222	0	0.777778	0	

MOTIF CUP9
letter-probability matrix: alength= 4 w= 9 nsites= 9 E= 0
0.0707071	0.10101	0.030303	0.79798	
0	0	1	0	
0.84	0	0.09	0.07	
0.01	0.99	0	0	
0.91	0	0.09	0	
0	0.64	0.09	0.27	
0.75	0.15	0	0.1	
0.4	0	0	0.6	
0.39	0.13	0.03	0.45	

MOTIF DAL80
letter-probability matrix: alength= 4 w= 7 nsites= 7 E= 0
0.108911	0.663366	0.0594059	0.168317	
0	0	1	0	
1	0	0	0	
0	0	0	1	
1	0	0	0	
0.909091	0.010101	0.010101	0.0707071	
0.03	0.19	0.75	0.03	

MOTIF DAL81
letter-probability matrix: alength= 4 w= 19 nsites= 19 E= 0
1	0	0	0	
1	0	0	0	
1	0	0	0	
1	0	0	0	
0	0	1	0	
0	1	0	0	
0	1	0	0	
0	0	1	0	
0	1	0	0	
0	0	1	0	
0	0	1	0	
0	0	1	0	
0	1	0	0	
0	0	1	0	
0	0	1	0	
0	0	1	0	
1	0	0	0	
0	0	0	1	
0	0	0	1	

MOTIF DAL82
letter-probability matrix: alength= 4 w= 9 nsites= 9 E= 0
0.571429	0.142857	0.142857	0.142857	
0.524752	0.108911	0.049505	0.316832	
0.39	0.03	0.03	0.55	
0.26	0.11	0.42	0.21	
0	0.26	0	0.74	
0	0	1	0	
0	1	0	0	
0	0	1	0	
0.108911	0.673267	0.108911	0.108911	

MOTIF ECM22
letter-probability matrix: alength= 4 w= 7 nsites= 7 E= 0
0.282828	0.363636	0.0707071	0.282828	
0.141414	0.0707071	0.0707071	0.717172	
0	1	0	0	
0	1	0	0	
0	0.14	0.86	0	
0	0	0.86	0.14	
0.93	0	0.07	0	

MOTIF ECM23
letter-probability matrix: alength= 4 w= 11 nsites= 11 E= 0
0.31	0.25	0.23	0.21	
0.33	0.25	0.22	0.2	
0.72	0.11	0.1	0.07	
0.1	0.02	0.86	0.02	
1	0	0	0	
0.03	0	0	0.97	
0.00990099	0.891089	0.029703	0.0693069	
0.14	0.19	0.14	0.53	
0.3	0.23	0.21	0.26	
0.316832	0.247525	0.247525	0.188119	
0.30303	0.262626	0.222222	0.212121	

MOTIF EDS1
letter-probability matrix: alength= 4 w= 9 nsites= 9 E= 0
0.141414	0.525253	0.141414	0.191919	
0	0	1	0	
0	0	1	0	
1	0	0	0	
0.76	0	0	0.24	
0.475248	0.237624	0.0990099	0.188119	
1	0	0	0	
0.828283	0.010101	0.010101	0.151515	
0.15	0.2	0.11	0.54	

MOTIF FHL1
letter-probability matrix: alength= 4 w= 8 nsites= 8 E= 0
0	0.1	0.9	0	
1	0	0	0	
0	1	0	0	
0	0	1	0	
0	1	0	0	
0.9	0	0	0.1	
0.470588	0.27451	0.176471	0.0784314	
0.55	0.15	0.15	0.15	

MOTIF FKH1
letter-probability matrix: alength= 4 w= 20 nsites= 20 E= 0
0.177533	0.287864	0.207623	0.326981	
0.247495	0.192385	0.334669	0.225451	
0.520521	0.0840841	0.0980981	0.297297	
0.527054	0.0761523	0.129259	0.267535	
0.365365	0.0730731	0.15015	0.411411	
0.119238	0.146293	0.133267	0.601202	
0.146293	0.00400802	0.848697	0.001002	
0.00702106	0.00300903	0	0.98997	
0.961886	0.0371113	0	0.00100301	
0.978958	0.011022	0.001002	0.00901804	
0.991984	0.001002	0.00200401	0.00501002	
0.001002	0.926854	0.001002	0.0711423	
0.991984	0.001002	0.00300601	0.00400802	
0.875752	0.0390782	0.0160321	0.0691383	
0.672345	0.0490982	0.0701403	0.208417	
0.248497	0.191383	0.407816	0.152305	
0.374749	0.158317	0.296593	0.170341	
0.284569	0.184369	0.330661	0.200401	
0.205411	0.116232	0.452906	0.225451	
0.421844	0.192385	0.248497	0.137275	

MOTIF FKH2
letter-probability matrix: alength= 4 w= 7 nsites= 7 E= 0
0.128713	0	0.871287	0	
0	0	0	1	
1	0	0	0	
1	0	0	0	
1	0	0	0	
0	1	0	0	
1	0	0	0	

MOTIF FZF1
letter-probability matrix: alength= 4 w= 6 nsites= 6 E= 0
0	1	0	0	
0	0	0	1	
1	0	0	0	
0	0	0	1	
0	1	0	0	
1	0	0	0	

MOTIF GAL4
letter-probability matrix: alength= 4 w= 15 nsites= 15 E= 0
0	1	0	0	
0	0	1	0	
0	0.155983	0.809473	0.0345442	
0.252844	0.21287	0.301267	0.233019	
0.0948668	0.369396	0.373944	0.161793	
0.316361	0.251475	0.311084	0.12108	
0.786218	0	0.18084	0.0329412	
0.197768	0.45204	0.282525	0.0676666	
0.640871	0.112228	0	0.246901	
0.206002	0.185058	0.54517	0.0637699	
0.0305441	0.244034	0.157175	0.568247	
0.366083	0.161765	0.345745	0.126408	
0	0.480602	0.243813	0.275585	
0.077125	0.128651	0.137512	0.656712	
0	1	0	0	

MOTIF GAT1
letter-probability matrix: alength= 4 w= 8 nsites= 8 E= 0
0.128713	0.435644	0.188119	0.247525	
0.17	0.42	0.05	0.36	
0	0	1	0	
1	0	0	0	
0	0	0	1	
1	0	0	0	
1	0	0	0	
0.030303	0.0909091	0.848485	0.030303	

MOTIF GAT3
letter-probability matrix: alength= 4 w= 9 nsites= 9 E= 0
0.65	0.09	0.2	0.06	
0.0808081	0.020202	0.888889	0.010101	
0.92	0	0	0.08	
0.12	0	0.01	0.87	
0.03	0.94	0.01	0.02	
0.06	0.27	0.04	0.63	
0.51	0.19	0.18	0.12	
0.282828	0.333333	0.212121	0.171717	
0.323232	0.252525	0.212121	0.212121	

MOTIF GAT4
letter-probability matrix: alength= 4 w= 11 nsites= 11 E= 0
0.356436	0.207921	0.237624	0.19802	
0.306931	0.257426	0.178218	0.257426	
0.8	0.04	0.12	0.04	
0.030303	0	0.969697	0	
0.98	0	0	0.02	
0	0	0	1	
0	1	0	0	
0.05	0.28	0.03	0.64	
0.4	0.2	0.23	0.17	
0.282828	0.262626	0.232323	0.222222	
0.333333	0.242424	0.212121	0.212121	

MOTIF GCN4
letter-probability matrix: alength= 4 w= 21 nsites= 21 E= 0
0.218437	0.295591	0.245491	0.240481	
0.371743	0.217435	0.268537	0.142285	
0.362725	0.213427	0.150301	0.273547	
0.282565	0.119238	0.325651	0.272545	
0.275551	0.177355	0.316633	0.230461	
0.169169	0.14014	0.365365	0.325325	
0.536072	0.0350701	0.413828	0.0150301	
0.011022	0.00801603	0.00601202	0.97495	
0.00200401	0.00501002	0.935872	0.0571142	
0.96994	0.0130261	0.00400802	0.0130261	
0.00200401	0.433868	0.563126	0.001002	
0.0130261	0.00400802	0.0130261	0.96994	
0.0571142	0.935872	0.00501002	0.00200401	
0.97495	0.00601202	0.00801603	0.011022	
0.0150301	0.413828	0.0350701	0.536072	
0.376376	0.29029	0.131131	0.202202	
0.207207	0.354354	0.194194	0.244244	
0.284569	0.216433	0.202405	0.296593	
0.226453	0.234469	0.177355	0.361723	
0.254509	0.329659	0.232465	0.183367	
0.337675	0.169339	0.195391	0.297595	

MOTIF GCR1
letter-probability matrix: alength= 4 w= 8 nsites= 8 E= 0
0.271423	0.0117025	0.0290676	0.687807	
0	0.0577236	0.942276	0	
0	0.00894309	0.991057	0	
1	0	0	0	
0.876473	0.00406339	0	0.119464	
0.0036452	0.00526529	0.942082	0.0490077	
0.221554	0.682292	0	0.0961538	
0	0.743649	0.00577367	0.250577	

MOTIF GCR2
letter-probability matrix: alength= 4 w= 7 nsites= 7 E= 0
0.142857	0.142857	0.645022	0.0692641	
0	1	0	0	
0.0670732	0	0.00609756	0.926829	
0	0	0	1	
0	0.970149	0	0.0298507	
0	0.996296	0.0037037	0	
0.333333	0.284153	0.0327869	0.349727	

MOTIF GIS1
letter-probability matrix: alength= 4 w= 9 nsites= 9 E= 0
0.41	0.22	0.12	0.25	
0	0.97	0	0.03	
0	1	0	0	
0	1	0	0	
0	0.87	0	0.13	
0	0	0	1	
0.49	0.04	0.15	0.32	
0.46	0.11	0.16	0.27	
0.323232	0.191919	0.181818	0.30303	

MOTIF GLN3
letter-probability matrix: alength= 4 w= 5 nsites= 5 E= 0
0	0	1	0	
1	0	0	0	
0	0	0	1	
0.74	0	0	0.26	
0.61	0	0.27	0.12	

MOTIF GSM1
letter-probability matrix: alength= 4 w= 21 nsites= 21 E= 0
0.322645	0.207415	0.190381	0.279559	
0.16016	0.172172	0.229229	0.438438	
0.219439	0.289579	0.168337	0.322645	
0.461924	0.124248	0.184369	0.229459	
0.349349	0.201201	0.233233	0.216216	
0.342685	0.144289	0.281563	0.231463	
0.567134	0.0220441	0.0170341	0.393788	
0.850701	0.00901804	0.0200401	0.12024	
0.400802	0.164329	0.182365	0.252505	
0.00300601	0.917836	0.01002	0.0691383	
0.00401204	0.177533	0.0381143	0.780341	
0.00300601	0.986974	0.001002	0.00901804	
0	0.974925	0.0250752	0	
0	0.0300601	0.968938	0.001002	
0.136273	0.00400802	0.850701	0.00901804	
0.71013	0.0601805	0.197593	0.0320963	
0.28987	0.183551	0.439318	0.0872618	
0.164164	0.172172	0.205205	0.458458	
0.373747	0.101202	0.232465	0.292585	
0.225451	0.168337	0.299599	0.306613	
0.322969	0.212638	0.195587	0.268806	

MOTIF GZF3
letter-probability matrix: alength= 4 w= 8 nsites= 8 E= 0
0.18	0.39	0.02	0.41	
0	0	1	0	
1	0	0	0	
0	0	0	1	
1	0	0	0	
0.73	0.09	0	0.18	
0.039604	0.376238	0.584158	0	
0.39	0.18	0.27	0.16	

MOTIF HAC1
letter-probability matrix: alength= 4 w= 8 nsites= 8 E= 0
0.237624	0.0594059	0.554455	0.148515	
0.68	0.32	0	0	
0	1	0	0	
1	0	0	0	
0	1	0	0	
0	0	1	0	
0	0	0	1	
0.27	0.18	0.41	0.14	

MOTIF HAL9
letter-probability matrix: alength= 4 w= 5 nsites= 5 E= 0
0	1	0	0	
0	0	1	0	
0	0	1	0	
1	0	0	0	
0.626263	0	0.373737	0	

MOTIF HAP1
letter-probability matrix: alength= 4 w= 8 nsites= 8 E= 0
0	1	0	0	
0	0	1	0	
0	0	1	0	
0.89	0	0.11	0	
0.05	0.26	0.53	0.16	
0.51	0.04	0.04	0.41	
0.04	0.04	0.04	0.88	
0.57	0.11	0.11	0.21	

MOTIF HAP2
letter-probability matrix: alength= 4 w= 5 nsites= 5 E= 0
0	0	0	1	
0	0	0.01016	0.98984	
0.00557809	0	0.994422	0	
0	0	0.998223	0.0017771	
0.158006	0.378979	0.0306648	0.43235	

MOTIF HAP3
letter-probability matrix: alength= 4 w= 15 nsites= 15 E= 0
0	0.182203	0.189619	0.628178	
0.1206	0.67601	0.0971317	0.106258	
0	0.162324	0	0.837676	
0.0331978	0.303862	0.498984	0.163957	
1	0	0	0	
0	0	0	1	
0	0	0	1	
0	0	1	0	
0	0	1	0	
0	0.48861	0	0.51139	
0.0331171	0.399112	0.138272	0.429498	
0.259295	0.376603	0.332692	0.0314103	
0.489262	0.0889262	0.308054	0.113758	
0.357213	0.0874137	0.44397	0.111403	
0.503021	0.191415	0.0941176	0.211447	

MOTIF HAP4
letter-probability matrix: alength= 4 w= 15 nsites= 15 E= 0
0.382653	0.163265	0.295918	0.158163	
0	0.985075	0.011194	0.00373134	
0.0225564	0.977444	0	0	
1	0	0	0	
1	0	0	0	
0	0.091954	0	0.908046	
0.0367347	0.742857	0.126531	0.0938776	
0.915663	0	0.060241	0.0240964	
0.309859	0.103286	0.511737	0.0751174	
0.326733	0.247525	0.272277	0.153465	
0.182692	0.264423	0.317308	0.235577	
0.206731	0.274038	0.302885	0.216346	
0.162791	0.4	0.251163	0.186047	
0.16129	0.290323	0.37788	0.170507	
0.382653	0.239796	0.219388	0.158163	

MOTIF HAP5
letter-probability matrix: alength= 4 w= 15 nsites= 15 E= 0
0.145748	0.212597	0.234879	0.406776	
0.046307	0.443158	0.488076	0.0224589	
0.024868	0.332967	0.546875	0.0952905	
0.180704	0.248742	0.47145	0.099103	
0.385775	0.308068	0.0934183	0.212739	
0.0286941	0.143922	0.287619	0.539765	
0.0213136	0.695737	0.147238	0.135711	
0	0.158622	0	0.841378	
0.11823	0.287979	0.419199	0.174593	
1	0	0	0	
0	0	0	1	
0	0	0.0563041	0.943696	
0.0926946	0	0.907305	0	
0.0850813	0.117134	0.736036	0.0617488	
0	0.381225	0	0.618775	

MOTIF HCM1
letter-probability matrix: alength= 4 w= 8 nsites= 8 E= 0
0.51	0.16	0.25	0.08	
0.27	0.08	0.04	0.61	
0.663366	0.316832	0.00990099	0.00990099	
0.95	0.05	0	0	
1	0	0	0	
0.01	0.86	0	0.13	
0.940594	0.019802	0.019802	0.019802	
0.575758	0.171717	0.111111	0.141414	

MOTIF HMRA2
letter-probability matrix: alength= 4 w= 8 nsites= 8 E= 0
0.06	0.67	0.06	0.21	
0.54	0	0.46	0	
0.04	0	0	0.96	
0	0	1	0	
0	0	0	1	
0.93	0	0	0.07	
0.871287	0.019802	0.019802	0.0891089	
0.4	0.08	0.08	0.44	

MOTIF HSF1
letter-probability matrix: alength= 4 w= 8 nsites= 8 E= 0
0.683168	0.128713	0.128713	0.0594059	
0.019802	0.019802	0.019802	0.940594	
0.19	0	0.81	0	
0	0	1	0	
1	0	0	0	
1	0	0	0	
0.06	0.56	0.19	0.19	
0.484848	0.111111	0.232323	0.171717	

MOTIF IME1
letter-probability matrix: alength= 4 w= 8 nsites= 8 E= 0
0	1	0	0	
0	0.791809	0.208191	0	
0	0	1	0	
0	1	0	0	
0	0.677419	0.268817	0.0537634	
0	0	1	0	
1	0	0	0	
0.0567376	0	0.943262	0	

MOTIF INO2
letter-probability matrix: alength= 4 w= 9 nsites= 9 E= 0
0.0722892	0.116466	0.795181	0.0160643	
0	1	0	0	
0.933735	0.0421687	0	0.0240964	
0	0.142857	0	0.857143	
0.0264151	0	0.973585	0	
0.0481928	0	0.0662651	0.885542	
0	0.123636	0.876364	0	
0.783333	0.0888889	0.127778	0	
0.812121	0.0121212	0.030303	0.145455	

MOTIF INO4
letter-probability matrix: alength= 4 w= 9 nsites= 9 E= 0
0.119835	0.190083	0.669421	0.0206612	
0	0.92549	0	0.0745098	
0.816568	0.0828402	0	0.100592	
0	0	0	1	
0.037594	0	0.962406	0	
0	0	0	1	
0.0658915	0	0.934109	0	
0.829545	0.0397727	0.130682	0	
0.811429	0.04	0.148571	0	

MOTIF IXR1
letter-probability matrix: alength= 4 w= 15 nsites= 15 E= 0
1	0	0	0	
0.765823	0	0	0.234177	
0.326923	0	0.538462	0.134615	
0.10687	0.870229	0	0.0229008	
0.239837	0.760163	0	0	
0.239837	0	0.760163	0	
0.119658	0	0.722222	0.15812	
0.630208	0	0.369792	0	
0.765823	0	0	0.234177	
0	0	1	0	
0	1	0	0	
0.102941	0	0.897059	0	
0.0206186	0	0.979381	0	
0	0	0.530806	0.469194	
0	0	0.897059	0.102941	

MOTIF LEU3
letter-probability matrix: alength= 4 w= 10 nsites= 10 E= 0
0	1	0	0	
0	1	0	0	
0	0	0.565657	0.434343	
0.2	0	0.35	0.45	
0.257426	0.336634	0	0.405941	
0.47	0.12	0.16	0.25	
0	0.61	0.39	0	
0	1	0	0	
0	0	1	0	
0	0.32	0.68	0	

MOTIF LYS14
letter-probability matrix: alength= 4 w= 8 nsites= 8 E= 0
0.207921	0.485149	0.207921	0.0990099	
0.04	0.82	0.1	0.04	
0	0	1	0	
0	0	1	0	
1	0	0	0	
1	0	0	0	
0.06	0	0	0.94	
0.128713	0.128713	0.0693069	0.673267	

MOTIF MAC1
letter-probability matrix: alength= 4 w= 8 nsites= 8 E= 0
0.062069	0	0	0.937931	
0.0505969	0	0.124503	0.824901	
0	0	0	1	
0.0670945	0	0.932905	0	
0	1	0	0	
0	0	0	1	
0	1	0	0	
0.555041	0	0.37949	0.0654693	

MOTIF MATA1
letter-probability matrix: alength= 4 w= 7 nsites= 7 E= 0
0.5	0	0.5	0	
0	1	0	0	
1	0	0	0	
0	1	0	0	
1	0	0	0	
1	0	0	0	
0	0	0	1	

MOTIF MATALPHA2
letter-probability matrix: alength= 4 w= 9 nsites= 9 E= 0
0	0.909091	0	0.0909091	
0.818182	0	0.181818	0	
0	0	0	1	
0	0	1	0	
0	0	0	1	
0.909091	0	0	0.0909091	
0.818182	0.0909091	0	0.0909091	
0.363636	0	0	0.636364	
0	0	0	1	

MOTIF MBP1
letter-probability matrix: alength= 4 w= 7 nsites= 7 E= 0
0.55	0.1	0.18	0.17	
0	1	0	0	
0.15	0	0.85	0	
0	0.88	0	0.12	
0	0.02	0.98	0	
0.35	0.17	0.09	0.39	
0.333333	0.30303	0.181818	0.181818	

MOTIF MBP1::SWI6
letter-probability matrix: alength= 4 w= 7 nsites= 7 E= 0
0.675297	0	0.0180489	0.306654	
0.00367647	0.98377	0.00452834	0.00802547	
0.00202402	0.00818603	0.988755	0.0010345	
0.00138628	0.853144	0.00840712	0.137063	
0.0026524	0.00818198	0.988222	0.000944075	
0.0321196	0.0659647	0.0666283	0.835287	
0.0153419	0.382792	0.0370728	0.564793	

MOTIF MCM1
letter-probability matrix: alength= 4 w= 12 nsites= 12 E= 0
0.122422	0.821648	0.0293032	0.0266261	
0.00702848	0.922614	0	0.0703572	
0.184955	0.363317	0.186249	0.26548	
0.392778	0.144437	0.223292	0.239493	
0.556795	0.0139395	0.0458932	0.383373	
0.0680282	0.0172251	0	0.914747	
0.0799701	0.26271	0.0368883	0.620431	
0.421619	0.0749092	0.378814	0.124658	
0.044522	0.00232795	0.95315	0	
0.00859157	0.00983992	0.980394	0.00117492	
0.75238	0.0686177	0.0226595	0.156343	
0.910663	0.029122	0.0255456	0.034669	

MOTIF MET28
letter-probability matrix: alength= 4 w= 6 nsites= 6 E= 0
0	1	0	0	
0	0	0	1	
0	0	1	0	
0	0	0	1	
0	0	1	0	
0	0	1	0	

MOTIF MET31
letter-probability matrix: alength= 4 w= 9 nsites= 9 E= 0
0.376238	0.0990099	0.376238	0.148515	
0.204082	0.285714	0.306122	0.204082	
0.138614	0.138614	0.178218	0.544554	
0	0	1	0	
0	0	0	1	
0	0	1	0	
0	0	1	0	
0	1	0	0	
0.10101	0	0.69697	0.20202	

MOTIF MET32
letter-probability matrix: alength= 4 w= 7 nsites= 7 E= 0
0.34	0.46	0.1	0.1	
0.11	0.05	0.77	0.07	
0	1	0	0	
0	1	0	0	
0.939394	0.030303	0	0.030303	
0	0.99	0	0.01	
0.64	0.15	0.12	0.09	

MOTIF MET4
letter-probability matrix: alength= 4 w= 8 nsites= 8 E= 0
1	0	0	0	
0.527363	0.233831	0.238806	0	
0	0.796	0	0.204	
0	0	0	1	
0	0	1	0	
0	0	0	1	
0	0	1	0	
0	0	1	0	

MOTIF MGA1
letter-probability matrix: alength= 4 w= 21 nsites= 21 E= 0
0.38477	0.0911824	0.206413	0.317635	
0.305305	0.124124	0.376376	0.194194	
0.240481	0.268537	0.318637	0.172345	
0.367735	0.171343	0.306613	0.154309	
0.252252	0.28028	0.194194	0.273273	
0.116232	0.204409	0.230461	0.448898	
0.787788	0.003003	0.198198	0.011011	
0.192192	0.11011	0.166166	0.531532	
0.702405	0.197395	0.0981964	0.00200401	
0.00501002	0.00200401	0.990982	0.00200401	
0.992979	0.00200602	0.00300903	0.00200602	
0.990991	0.002002	0.002002	0.00500501	
0.012024	0.816633	0.0150301	0.156313	
0.84654	0.0391174	0.0822467	0.0320963	
0.0681363	0.506012	0.0701403	0.355711	
0.203611	0.180542	0.195587	0.420261	
0.301603	0.353707	0.0841683	0.260521	
0.291583	0.268537	0.0971944	0.342685	
0.442327	0.0702106	0.229689	0.257773	
0.440882	0.168337	0.10521	0.285571	
0.343029	0.295888	0.21665	0.144433	

MOTIF MIG1
letter-probability matrix: alength= 4 w= 7 nsites= 7 E= 0
0.32	0.35	0.15	0.18	
0.01	0.97	0.01	0.01	
0	1	0	0	
0	1	0	0	
0	1	0	0	
0.46	0.03	0.5	0.01	
0.0505051	0.575758	0.30303	0.0707071	

MOTIF MIG2
letter-probability matrix: alength= 4 w= 7 nsites= 7 E= 0
0.01	0.96	0.02	0.01	
0	1	0	0	
0	1	0	0	
0	1	0	0	
0.36	0.11	0.52	0.01	
0.049505	0.762376	0.128713	0.0594059	
0.363636	0.242424	0.242424	0.151515	

MOTIF MIG3
letter-probability matrix: alength= 4 w= 7 nsites= 7 E= 0
0.00990099	0.970297	0.00990099	0.00990099	
0	0.94	0	0.06	
0	1	0	0	
0	1	0	0	
0.414141	0.020202	0.555556	0.010101	
0.05	0.69	0.17	0.09	
0.41	0.22	0.23	0.14	

MOTIF MOT3
letter-probability matrix: alength= 4 w= 6 nsites= 6 E= 0
0.333333	0.333333	0	0.333333	
1	0	0	0	
0	0	1	0	
0	0	1	0	
0	0.5	0	0.5	
1	0	0	0	

MOTIF MSN2
letter-probability matrix: alength= 4 w= 5 nsites= 5 E= 0
0.606061	0.0707071	0.323232	0	
0	0	1	0	
0	0	1	0	
0	0	1	0	
0	0	1	0	

MOTIF MSN4
letter-probability matrix: alength= 4 w= 5 nsites= 5 E= 0
0.838384	0	0.161616	0	
0	0	1	0	
0	0	1	0	
0	0	1	0	
0	0	0.99	0.01	

MOTIF NDT80
letter-probability matrix: alength= 4 w= 21 nsites= 21 E= 0
0.289579	0.282565	0.118236	0.309619	
0.197593	0.27683	0.160481	0.365095	
0.169509	0.213641	0.172518	0.444333	
0.215647	0.404213	0.140421	0.239719	
0.201403	0.430862	0.176353	0.191383	
0.0991984	0.114228	0.495992	0.290581	
0.188188	0.02002	0.675676	0.116116	
0.44489	0.483968	0.0410822	0.0300601	
0.012024	0.9499	0.00400802	0.0340681	
0.941884	0.00701403	0.0450902	0.00601202	
0.0180542	0.96991	0.00601805	0.00601805	
0.966934	0.00400802	0.00901804	0.0200401	
0.971944	0.00501002	0.0150301	0.00801603	
0.945946	0.003003	0.014014	0.037037	
0.715145	0.0240722	0.23671	0.0240722	
0.497492	0.178536	0.0822467	0.241725	
0.12337	0.631896	0.0952859	0.149448	
0.127255	0.329659	0.440882	0.102204	
0.314314	0.33033	0.277277	0.0780781	
0.360721	0.177355	0.230461	0.231463	
0.478435	0.192578	0.174524	0.154463	

MOTIF NHP10
letter-probability matrix: alength= 4 w= 8 nsites= 8 E= 0
0.2	0.1	0.6	0.1	
0.0784314	0.764706	0.0784314	0.0784314	
0	1	0	0	
0	0	1	0	
0	0	1	0	
0	0	1	0	
0	0	1	0	
0.666667	0.0784314	0.176471	0.0784314	

MOTIF NHP6A
letter-probability matrix: alength= 4 w= 21 nsites= 21 E= 0
0.306306	0.279279	0.214214	0.2002	
0.242485	0.217435	0.0831663	0.456914	
0.236473	0.153307	0.311623	0.298597	
0.380762	0.212425	0.151303	0.255511	
0.285571	0.333667	0.0991984	0.281563	
0.104208	0.517034	0.0490982	0.329659	
0.339679	0.130261	0.0711423	0.458918	
0.491984	0.250501	0.0641283	0.193387	
0.114114	0.024024	0.00600601	0.855856	
0.905717	0.0100301	0.0260782	0.0581745	
0.126253	0.0290581	0.00801603	0.836673	
0.848697	0.0160321	0.0430862	0.0921844	
0.0571142	0.0420842	0.0280561	0.872745	
0.747495	0.0160321	0.0200401	0.216433	
0.650651	0.03003	0.153153	0.166166	
0.377756	0.136273	0.137275	0.348697	
0.376128	0.138415	0.138415	0.347041	
0.416834	0.111222	0.172345	0.299599	
0.286573	0.154309	0.124248	0.43487	
0.313627	0.147295	0.314629	0.224449	
0.329659	0.289579	0.0961924	0.284569	

MOTIF NHP6B
letter-probability matrix: alength= 4 w= 20 nsites= 20 E= 0
0.182182	0.304304	0.0990991	0.414414	
0.217217	0.225225	0.216216	0.341341	
0.135406	0.108325	0.107322	0.648947	
0.377131	0.208626	0.0772317	0.337011	
0.195391	0.316633	0.111222	0.376754	
0.154309	0.317635	0.143287	0.38477	
0.393788	0.0691383	0.0260521	0.511022	
0.579739	0.0892678	0.0511535	0.27984	
0.169169	0.0650651	0.016016	0.74975	
0.808617	0.0320641	0.0671343	0.0921844	
0.0921844	0.0671343	0.0320641	0.808617	
0.74975	0.016016	0.0650651	0.169169	
0.27984	0.0511535	0.0892678	0.579739	
0.511022	0.0260521	0.0691383	0.393788	
0.461924	0.0961924	0.121242	0.320641	
0.372745	0.106212	0.111222	0.40982	
0.465932	0.0841683	0.336673	0.113226	
0.202405	0.160321	0.302605	0.334669	
0.287575	0.12024	0.339679	0.252505	
0.287575	0.257515	0.252505	0.202405	

MOTIF NRG1
letter-probability matrix: alength= 4 w= 20 nsites= 20 E= 0
0.181181	0.404404	0.143143	0.271271	
0.243243	0.225225	0.199199	0.332332	
0.293587	0.250501	0.278557	0.177355	
0.259519	0.239479	0.262525	0.238477	
0.41984	0.112224	0.269539	0.198397	
0.213213	0.255255	0.0920921	0.439439	
0.455912	0.488978	0.00901804	0.0460922	
0.960961	0.003003	0.036036	0	
0.00200401	0.001002	0.992986	0.00400802	
0.00200401	0.001002	0.99499	0.00200401	
0.011022	0	0.987976	0.001002	
0.0710711	0.011011	0.002002	0.915916	
0.00401204	0.930792	0.00200602	0.0631896	
0.003003	0.820821	0.003003	0.173173	
0.504008	0.0871743	0.0390782	0.369739	
0.245737	0.202608	0.239719	0.311936	
0.124248	0.303607	0.269539	0.302605	
0.224449	0.0671343	0.549098	0.159319	
0.20662	0.401204	0.228686	0.16349	
0.325651	0.171343	0.233467	0.269539	

MOTIF OAF1
letter-probability matrix: alength= 4 w= 9 nsites= 9 E= 0
0.11	0.32	0.11	0.46	
0	1	0	0	
0	0	1	0	
0	0	1	0	
0.565657	0	0.434343	0	
0.07	0	0.86	0.07	
0.673267	0.039604	0.039604	0.247525	
0.141414	0.0707071	0.0707071	0.717172	
0.571429	0.142857	0.142857	0.142857	

MOTIF OPI1
letter-probability matrix: alength= 4 w= 7 nsites= 7 E= 0
0.155251	0.497717	0.191781	0.155251	
0	0	1	0	
0.988095	0.0119048	0	0	
1	0	0	0	
0	1	0	0	
0	1	0	0	
0.271889	0.267281	0.40553	0.0552995	

MOTIF TOD6
letter-probability matrix: alength= 4 w= 21 nsites= 21 E= 0
0.362725	0.188377	0.218437	0.230461	
0.144144	0.213213	0.369369	0.273273	
0.101202	0.261523	0.370741	0.266533	
0.239479	0.327655	0.206413	0.226453	
0.369739	0.116232	0.235471	0.278557	
0.212212	0.366366	0.133133	0.288288	
0.650301	0.0501002	0.0961924	0.203407	
0.0672016	0.397192	0.437312	0.0982949	
0.0200401	0.785571	0.193387	0.001002	
0.00200401	0.0290581	0.0460922	0.922846	
0.00200401	0.992986	0.00200401	0.00300601	
0.977934	0	0.00100301	0.0210632	
0.001002	0.001002	0.0180361	0.97996	
0	0.980943	0.00100301	0.0180542	
0.0521565	0.0190572	0.871615	0.0571715	
0.135271	0.656313	0.186373	0.0220441	
0.181181	0.3003	0.383383	0.135135	
0.232232	0.282282	0.109109	0.376376	
0.187187	0.28028	0.111111	0.421421	
0.306306	0.213213	0.172172	0.308308	
0.201403	0.150301	0.320641	0.327655	

MOTIF DOT6
letter-probability matrix: alength= 4 w= 21 nsites= 21 E= 0
0.278557	0.135271	0.231463	0.354709	
0.194194	0.25025	0.266266	0.289289	
0.156313	0.332665	0.223447	0.287575	
0.131131	0.249249	0.268268	0.351351	
0.239719	0.0852558	0.401204	0.273821	
0.141283	0.480962	0.145291	0.232465	
0.517034	0.0591182	0.138277	0.285571	
0.0791583	0.420842	0.392786	0.107214	
0.029029	0.770771	0.197197	0.003003	
0.00600601	0.0520521	0.0830831	0.858859	
0.00100301	0.992979	0.00401204	0.00200602	
0.973948	0	0.001002	0.0250501	
0.00100301	0	0.0270812	0.971916	
0	0.970913	0.00100301	0.0280843	
0.036036	0.00900901	0.876877	0.0780781	
0.223671	0.57673	0.177533	0.0220662	
0.28028	0.265265	0.252252	0.202202	
0.188188	0.298298	0.0720721	0.441441	
0.163327	0.435872	0.208417	0.192385	
0.15346	0.372116	0.183551	0.290873	
0.185371	0.149299	0.202405	0.462926	

MOTIF PDR1
letter-probability matrix: alength= 4 w= 8 nsites= 8 E= 0
0.0808081	0.282828	0.151515	0.484848	
0	1	0	0	
0	1	0	0	
0.13	0	0.87	0	
0.02	0.88	0.08	0.02	
0.08	0.02	0.88	0.02	
0.10101	0.030303	0.838384	0.030303	
0.62	0.08	0.22	0.08	

MOTIF PDR3
letter-probability matrix: alength= 4 w= 8 nsites= 8 E= 0
0	0	0	1	
0	1	0	0	
0	1	0	0	
0	0	1	0	
0	1	0	0	
0	0	1	0	
0	0	1	0	
1	0	0	0	

MOTIF PDR8
letter-probability matrix: alength= 4 w= 8 nsites= 8 E= 0
0.383838	0.151515	0.383838	0.0808081	
0	1	0	0	
0	0	1	0	
0	0	1	0	
1	0	0	0	
0.0792079	0.0792079	0.841584	0	
1	0	0	0	
0.13	0.06	0.06	0.75	

MOTIF PHD1
letter-probability matrix: alength= 4 w= 10 nsites= 10 E= 0
0.36	0.27	0.19	0.18	
0.0909091	0.434343	0.393939	0.0808081	
0.373737	0.444444	0.151515	0.030303	
0	0.10101	0	0.89899	
0	0	1	0	
0	0.99	0	0.01	
0.91	0.01	0.07	0.01	
0.08	0.22	0.36	0.34	
0.22	0.42	0.22	0.14	
0.32	0.28	0.21	0.19	

MOTIF PHO2
letter-probability matrix: alength= 4 w= 6 nsites= 6 E= 0
0.514851	0	0.0792079	0.405941	
0.12	0	0	0.88	
1	0	0	0	
0.56	0	0	0.44	
0.23	0	0	0.77	
0.63	0	0	0.37	

MOTIF PHO4
letter-probability matrix: alength= 4 w= 8 nsites= 8 E= 0
0.0941884	0.393788	0.508016	0.00400802	
0.0971944	0.901804	0	0.001002	
0.968938	0.001002	0.0280561	0.00200401	
0	0.913741	0.00100301	0.0852558	
0.0852558	0.00100301	0.913741	0	
0.00200401	0.0280561	0.001002	0.968938	
0.001002	0	0.901804	0.0971944	
0.00400802	0.508016	0.393788	0.0941884	

MOTIF PUT3
letter-probability matrix: alength= 4 w= 8 nsites= 8 E= 0
0.0909091	0.727273	0.0909091	0.0909091	
0.02	0.9	0.02	0.06	
0	1	0	0	
0	0	1	0	
0	0	1	0	
0	0	1	0	
0.514851	0.148515	0.188119	0.148515	
0.455446	0.128713	0.168317	0.247525	

MOTIF RAP1
letter-probability matrix: alength= 4 w= 10 nsites= 10 E= 0
0.18	0.69	0.12	0.01	
0.989899	0	0	0.010101	
0.010101	0.757576	0	0.232323	
0.01	0.97	0.01	0.01	
0.01	0.9	0	0.09	
0.71	0	0.27	0.02	
0.168317	0.108911	0.0792079	0.643564	
0.72	0	0.14	0.14	
0.01	0.98	0	0.01	
0.86	0.13	0	0.01	

MOTIF RDR1
letter-probability matrix: alength= 4 w= 8 nsites= 8 E= 0
0.247525	0.108911	0.108911	0.534653	
0	0	1	0	
0	1	0	0	
0	0	1	0	
0	0	1	0	
1	0	0	0	
0.86	0	0	0.14	
0.267327	0.475248	0.128713	0.128713	

MOTIF RDS1
letter-probability matrix: alength= 4 w= 7 nsites= 7 E= 0
0.01	0.91	0.01	0.07	
0	0.11	0.89	0	
0	0	1	0	
0	0.84	0.16	0	
0	0.95	0.05	0	
0	0.11	0.89	0	
0.316832	0.316832	0.316832	0.049505	

MOTIF RDS2
letter-probability matrix: alength= 4 w= 7 nsites= 7 E= 0
0.343434	0.393939	0.181818	0.0808081	
0	0	0	1	
0	1	0	0	
0	0	1	0	
0	0	1	0	
0.12	0.01	0.86	0.01	
0.168317	0.0693069	0.693069	0.0693069	

MOTIF REB1
letter-probability matrix: alength= 4 w= 9 nsites= 9 E= 0
0.3	0.1	0.5	0.1	
0	0	0	1	
0	0	0	1	
1	0	0	0	
0	1	0	0	
0	1	0	0	
0	1	0	0	
0	0	0.6	0.4	
0.15	0.15	0.55	0.15	

MOTIF REI1
letter-probability matrix: alength= 4 w= 7 nsites= 7 E= 0
0	0.95	0	0.05	
0.05	0.95	0	0	
0	1	0	0	
0	1	0	0	
0	0	0	1	
0	0	0.95	0.05	
0.56	0.08	0.23	0.13	

MOTIF RFX1
letter-probability matrix: alength= 4 w= 8 nsites= 8 E= 0
0.12	0.27	0.42	0.19	
0	0	1	0	
0	0	0	1	
0	0	0	1	
0.31	0	0.69	0	
0	1	0	0	
0.02	0.48	0.02	0.48	
0.88	0.04	0.04	0.04	

MOTIF RGM1
letter-probability matrix: alength= 4 w= 5 nsites= 5 E= 0
1	0	0	0	
0	0	1	0	
0	0	1	0	
0	0	1	0	
0.11	0.12	0.77	0	

MOTIF RGT1
letter-probability matrix: alength= 4 w= 11 nsites= 11 E= 0
0.42	0.13	0.23	0.22	
0.34	0.1	0.34	0.22	
0.37	0	0	0.63	
0.217822	0.019802	0	0.762376	
0.27	0.15	0.17	0.41	
0.3	0.18	0.04	0.48	
0	0.12	0	0.88	
0	1	0	0	
0	1	0	0	
0.039604	0	0.881188	0.0792079	
0.32	0.13	0.33	0.22	

MOTIF RIM101
letter-probability matrix: alength= 4 w= 7 nsites= 7 E= 0
0.09	0.43	0.09	0.39	
0	0	1	0	
0	1	0	0	
0	1	0	0	
1	0	0	0	
1	0	0	0	
0	0	1	0	

MOTIF RLM1
letter-probability matrix: alength= 4 w= 18 nsites= 18 E= 0
0.263158	0.263158	0.263158	0.210526	
0.333333	0.047619	0.380952	0.238095	
0.261905	0	0.0238095	0.714286	
0	0	0.119048	0.880952	
0	1	0	0	
0	0	0	1	
1	0	0	0	
0.380952	0	0	0.619048	
0.52381	0	0	0.47619	
0.547619	0	0	0.452381	
0.761905	0	0	0.238095	
0	0	0	1	
1	0	0	0	
0	0	1	0	
0.642857	0.333333	0	0.0238095	
0.097561	0.365854	0.0487805	0.487805	
0.166667	0.380952	0.0714286	0.380952	
0.25	0.325	0.25	0.175	

MOTIF RME1
letter-probability matrix: alength= 4 w= 10 nsites= 10 E= 0
0	0.284153	0	0.715847	
0.0747664	0.448598	0.154206	0.32243	
0.0717489	0.44843	0.219731	0.26009	
1	0	0	0	
0.708333	0	0.160714	0.130952	
0.817647	0.170588	0	0.0117647	
0.099631	0	0.900369	0	
0.129278	0	0.870722	0	
0.489362	0.207447	0.18617	0.117021	
0.773006	0	0.116564	0.110429	

MOTIF ROX1
letter-probability matrix: alength= 4 w= 12 nsites= 12 E= 0
0	0.5	0	0.5	
0	0.75	0	0.25	
0.25	0.5	0	0.25	
0.875	0.125	0	0	
0	0	0	1	
0	0	0.125	0.875	
0	0	1	0	
0	0	0	1	
0	0	0	1	
0	0.625	0.125	0.25	
0.125	0	0.125	0.75	
0	0.625	0.25	0.125	

MOTIF RPH1
letter-probability matrix: alength= 4 w= 8 nsites= 8 E= 0
0.53	0.14	0.14	0.19	
0	1	0	0	
0	1	0	0	
0	1	0	0	
0	1	0	0	
0	0	0	1	
0.636364	0.010101	0.0707071	0.282828	
0.732673	0.0693069	0.0693069	0.128713	

MOTIF RPN4
letter-probability matrix: alength= 4 w= 7 nsites= 7 E= 0
0.232323	0	0.676768	0.0909091	
0	0	1	0	
0	0	0.12	0.88	
0	0	1	0	
0	0	1	0	
0	1	0	0	
0.13	0	0.87	0	

MOTIF RSC3
letter-probability matrix: alength= 4 w= 7 nsites= 7 E= 0
0	0.91	0.05	0.04	
0	0	1	0	
0	1	0	0	
0	0	1	0	
0.0606061	0.555556	0.181818	0.20202	
0.19	0.3	0.37	0.14	
0.227723	0.257426	0.336634	0.178218	

MOTIF RSC30
letter-probability matrix: alength= 4 w= 8 nsites= 8 E= 0
0.19	0.5	0.19	0.12	
0.151515	0.383838	0.464646	0	
0	0.92	0.08	0	
0	0.08	0.92	0	
0	0.92	0.08	0	
0	0	1	0	
0	0.85	0.15	0	
0	0.31	0.69	0	

MOTIF RTG3
letter-probability matrix: alength= 4 w= 20 nsites= 20 E= 0
0.393788	0.145291	0.330661	0.130261	
0.220441	0.147295	0.267535	0.364729	
0.357715	0.322645	0.207415	0.112224	
0.164329	0.176353	0.295591	0.363727	
0.156156	0.121121	0.25025	0.472472	
0.53507	0.113226	0.203407	0.148297	
0.0340681	0.0270541	0.663327	0.275551	
0.0190381	0.95491	0.0190381	0.00701403	
0.906814	0.00501002	0.0811623	0.00701403	
0.00501002	0.950902	0.0160321	0.0280561	
0.0280561	0.0160321	0.950902	0.00501002	
0.00701403	0.0811623	0.00501002	0.906814	
0.00701403	0.0190381	0.95491	0.0190381	
0.275551	0.663327	0.0270541	0.0340681	
0.152305	0.332665	0.156313	0.358717	
0.111222	0.270541	0.187375	0.430862	
0.398798	0.122244	0.276553	0.202405	
0.275275	0.257257	0.296296	0.171171	
0.323647	0.165331	0.0330661	0.477956	
0.249499	0.396794	0.108216	0.245491	

MOTIF SFL1
letter-probability matrix: alength= 4 w= 21 nsites= 21 E= 0
0.272272	0.183183	0.13013	0.414414	
0.368737	0.262525	0.124248	0.244489	
0.281563	0.244489	0.332665	0.141283	
0.382382	0.256256	0.117117	0.244244	
0.314629	0.0981964	0.349699	0.237475	
0.368368	0.221221	0.198198	0.212212	
0.727728	0.03003	0.124124	0.118118	
0.127127	0.178178	0.108108	0.586587	
0.506507	0.261261	0.226226	0.00600601	
0.0180361	0.01002	0.961924	0.01002	
0.957916	0.0160321	0.00501002	0.0210421	
0.960922	0.00901804	0.0210421	0.00901804	
0.0220441	0.0470942	0.807615	0.123246	
0.616617	0.129129	0.218218	0.036036	
0.597194	0.134269	0.0360721	0.232465	
0.536072	0.221443	0.0480962	0.194389	
0.256513	0.156313	0.146293	0.440882	
0.492986	0.0961924	0.217435	0.193387	
0.431864	0.0671343	0.0991984	0.401804	
0.369739	0.123246	0.146293	0.360721	
0.410231	0.121364	0.0722166	0.396189	

MOTIF SFP1
letter-probability matrix: alength= 4 w= 21 nsites= 21 E= 0
0.428285	0.159478	0.161484	0.250752	
0.202405	0.293587	0.194389	0.309619	
0.289579	0.174349	0.192385	0.343687	
0.250501	0.217435	0.293587	0.238477	
0.353707	0.0771543	0.297595	0.271543	
0.533534	0.042042	0.342342	0.0820821	
0.782783	0.0730731	0.0710711	0.0730731	
0.8998	0.0360721	0.0460922	0.0180361	
0.905812	0.00901804	0.0501002	0.0350701	
0.857573	0.0140421	0.0421264	0.0862588	
0.541542	0.034034	0.016016	0.408408	
0.0862588	0.0421264	0.0140421	0.857573	
0.0350701	0.0501002	0.00901804	0.905812	
0.0180361	0.0460922	0.0360721	0.8998	
0.0730731	0.0710711	0.0730731	0.782783	
0.126253	0.405812	0.0911824	0.376754	
0.0821643	0.354709	0.103206	0.45992	
0.327327	0.201201	0.165165	0.306306	
0.11523	0.428858	0.154309	0.301603	
0.217435	0.0831663	0.374749	0.324649	
0.216433	0.169339	0.405812	0.208417	

MOTIF SIG1
letter-probability matrix: alength= 4 w= 5 nsites= 5 E= 0
0.93	0.02	0	0.05	
0	0	0	1	
1	0	0	0	
0	0	0	1	
1	0	0	0	

MOTIF SIP4
letter-probability matrix: alength= 4 w= 7 nsites= 7 E= 0
0.0792079	0.475248	0.128713	0.316832	
0	0.27	0	0.73	
0	0.99	0	0.01	
0	1	0	0	
0	0	1	0	
0.23	0	0.63	0.14	
0.581633	0.163265	0.255102	0	

MOTIF SKN7
letter-probability matrix: alength= 4 w= 6 nsites= 6 E= 0
0	0	1	0	
0	0	1	0	
0	1	0	0	
0	0.84	0.16	0	
0.485149	0.148515	0.366337	0	
0.212121	0.181818	0.282828	0.323232	

MOTIF SKO1
letter-probability matrix: alength= 4 w= 8 nsites= 8 E= 0
1	0	0	0	
0	1	0	0	
0.100301	0	0.899699	0	
0	0	0	1	
1	0	0	0	
0.619247	0	0	0.380753	
0	0	0	1	
0	0	1	0	

MOTIF SMP1
letter-probability matrix: alength= 4 w= 21 nsites= 21 E= 0
0.111111	0.244244	0.235235	0.409409	
0.189379	0.188377	0.265531	0.356713	
0.56957	0.0970971	0.137137	0.196196	
0.0851703	0.55511	0.158317	0.201403	
0.179359	0.624248	0.0470942	0.149299	
0.13013	0.147147	0.0850851	0.637638	
0.408818	0.128257	0.112224	0.350701	
0.0971944	0.234469	0.0330661	0.635271	
0.751503	0.125251	0.0460922	0.0771543	
0.866733	0.0180361	0.0180361	0.0971944	
0.0971944	0.0180361	0.0180361	0.866733	
0.0771543	0.0460922	0.125251	0.751503	
0.635271	0.0330661	0.234469	0.0971944	
0.495992	0.0410822	0.0601202	0.402806	
0.637638	0.0850851	0.147147	0.13013	
0.197395	0.262525	0.146293	0.393788	
0.174174	0.275275	0.271271	0.279279	
0.525526	0.104104	0.101101	0.269269	
0.156313	0.290581	0.455912	0.0971944	
0.249249	0.381381	0.201201	0.168168	
0.336673	0.172345	0.229459	0.261523	

MOTIF SNT2
letter-probability matrix: alength= 4 w= 11 nsites= 11 E= 0
0	0.0276483	0.0972352	0.875116	
0	0	1	0	
0.413844	0.0792342	0.506922	0	
0	0	0	1	
0.988906	0	0.0110935	0	
0.00223143	0	0.997769	0	
0	1	0	0	
0	0	1	0	
0.00253566	0.973693	0.0237718	0	
0.0535544	0.946446	0	0	
0.275219	0.0673469	0.485714	0.17172	

MOTIF SOK2
letter-probability matrix: alength= 4 w= 11 nsites= 11 E= 0
0.49505	0.188119	0.158416	0.158416	
0.15	0.49	0.18	0.18	
0.41	0.47	0.09	0.03	
0.04	0.01	0.04	0.91	
0.04	0.01	0.94	0.01	
0.04	0.91	0.01	0.04	
0.97	0.01	0.01	0.01	
0.05	0.05	0.5	0.4	
0.17	0.21	0.52	0.1	
0.28	0.32	0.22	0.18	
0.30303	0.232323	0.232323	0.232323	

MOTIF TBP
letter-probability matrix: alength= 4 w= 21 nsites= 21 E= 0
0.277834	0.250752	0.387161	0.0842528	
0.337675	0.191383	0.147295	0.323647	
0.253253	0.345345	0.0880881	0.313313	
0.160321	0.200401	0.154309	0.48497	
0.546092	0.139279	0.154309	0.160321	
0.11523	0.0981964	0.702405	0.0841683	
0.287575	0.198397	0.266533	0.247495	
0.332665	0.11022	0.0270541	0.53006	
0.908818	0.00701403	0.0250501	0.0591182	
0.0120361	0.00702106	0.0230692	0.957874	
0.981982	0.002002	0.004004	0.012012	
0.0380762	0.001002	0.00501002	0.955912	
0.971944	0.00200401	0.00601202	0.0200401	
0.0440882	0.00400802	0.00300601	0.948898	
0.88477	0.01002	0.0240481	0.0811623	
0.186186	0.0620621	0.0940941	0.657658	
0.264529	0.122244	0.129259	0.483968	
0.137275	0.380762	0.369739	0.112224	
0.266266	0.228228	0.384384	0.121121	
0.35035	0.176176	0.172172	0.301301	
0.248746	0.193581	0.270812	0.286861	

MOTIF SPT2
letter-probability matrix: alength= 4 w= 10 nsites= 10 E= 0
0.617834	0	0.0191083	0.363057	
0.366667	0.244444	0.0666667	0.322222	
0	0	0	1	
0.025641	0	0	0.974359	
0.706522	0	0.293478	0	
0.634921	0.121693	0.243386	0	
0.393365	0.312796	0.28436	0.00947867	
0	0	0.507246	0.492754	
1	0	0	0	
0.638743	0	0.361257	0	

MOTIF SPT23
letter-probability matrix: alength= 4 w= 8 nsites= 8 E= 0
0.443925	0	0.556075	0	
1	0	0	0	
0.856287	0	0.131737	0.011976	
0.853503	0	0	0.146497	
0.00581395	0.209302	0	0.784884	
0	0.549801	0.266932	0.183267	
0.603352	0.206704	0.100559	0.0893855	
0.96319	0	0.0368098	0	

MOTIF SRD1
letter-probability matrix: alength= 4 w= 8 nsites= 8 E= 0
0.66	0.09	0.19	0.06	
0.06	0.02	0.9	0.02	
0.97	0	0	0.03	
0.13	0	0.02	0.85	
0	1	0	0	
0.04	0.19	0.03	0.74	
0.46	0.3	0.13	0.11	
0.24	0.42	0.18	0.16	

MOTIF STB3
letter-probability matrix: alength= 4 w= 21 nsites= 21 E= 0
0.0982949	0.168506	0.547643	0.185557	
0.166333	0.173347	0.202405	0.457916	
0.182548	0.416249	0.0571715	0.344032	
0.194389	0.37976	0.107214	0.318637	
0.508016	0.0591182	0.189379	0.243487	
0.547548	0.12012	0.151151	0.181181	
0.777555	0.0350701	0.0711423	0.116232	
0.499499	0.027027	0.033033	0.44044	
0.0991984	0.011022	0.00200401	0.887776	
0.0531062	0.00501002	0.001002	0.940882	
0.01002	0.00400802	0.00200401	0.983968	
0.0130261	0	0.0150301	0.971944	
0	0.0640641	0.02002	0.915916	
0.003003	0.990991	0.002002	0.004004	
0.965966	0.00700701	0.025025	0.002002	
0.150301	0.588176	0.0841683	0.177355	
0.129129	0.12012	0.137137	0.613614	
0.166333	0.326653	0.200401	0.306613	
0.308617	0.253507	0.125251	0.312625	
0.233467	0.170341	0.315631	0.280561	
0.22668	0.182548	0.296891	0.293882	

MOTIF STB4
letter-probability matrix: alength= 4 w= 7 nsites= 7 E= 0
0.09	0.43	0.09	0.39	
0	0	0	1	
0	1	0	0	
0	0	1	0	
0	0	1	0	
1	0	0	0	
0.75	0.01	0.01	0.23	

MOTIF STB5
letter-probability matrix: alength= 4 w= 8 nsites= 8 E= 0
0	1	0	0	
0	0	1	0	
0	0	1	0	
0.23	0.19	0.26	0.32	
0.227723	0.227723	0.465347	0.0792079	
0.188119	0.247525	0.118812	0.445545	
0.06	0.12	0.06	0.76	
0.969697	0.010101	0.010101	0.010101	

MOTIF STE12
letter-probability matrix: alength= 4 w= 7 nsites= 7 E= 0
0	0.114909	0.00338278	0.881708	
0.150077	0	0.843008	0.00691534	
0.955	0	0.045	0	
0.898082	0.0059304	0.0959872	0	
1	0	0	0	
0.00350325	0.993029	0	0.00346751	
0.510629	0.100184	0.313265	0.0759219	

MOTIF STP1
letter-probability matrix: alength= 4 w= 8 nsites= 8 E= 0
0.0194175	0.398058	0.160194	0.42233	
0.20332	0	0.79668	0	
0	1	0	0	
0	0	0.985185	0.0148148	
0.0449438	0	0.955056	0	
0	1	0	0	
0.0190476	0	0.566667	0.414286	
0.0177778	0.417778	0.311111	0.253333	

MOTIF STP2
letter-probability matrix: alength= 4 w= 20 nsites= 20 E= 0
0.180361	0.258517	0.175351	0.385772	
0.288867	0.242728	0.293882	0.174524	
0.438438	0.193193	0.211211	0.157157	
0.27683	0.209629	0.17653	0.337011	
0.126126	0.405405	0.143143	0.325325	
0.238716	0.111334	0.568706	0.0812437	
0.113226	0.011022	0.830661	0.0450902	
0.0340681	0.648297	0.00501002	0.312625	
0.00200401	0.00501002	0.988978	0.00400802	
0	0.850701	0.148297	0.001002	
0.001002	0.867735	0.128257	0.00300601	
0.00801603	0.0130261	0.9499	0.0290581	
0.0140281	0.521042	0.00400802	0.460922	
0.619238	0.012024	0.338677	0.0300601	
0.0860861	0.433433	0.139139	0.341341	
0.218437	0.312625	0.359719	0.109218	
0.326653	0.240481	0.205411	0.227455	
0.231463	0.427856	0.161323	0.179359	
0.158317	0.237475	0.344689	0.259519	
0.343029	0.265797	0.122367	0.268806	

MOTIF STP3
letter-probability matrix: alength= 4 w= 9 nsites= 9 E= 0
0.25	0.09	0.48	0.18	
0.18	0.42	0.21	0.19	
0	0	0	1	
1	0	0	0	
0	0	1	0	
0	1	0	0	
0	0	1	0	
0	0.64	0.18	0.18	
0.445545	0.168317	0.188119	0.19802	

MOTIF STP4
letter-probability matrix: alength= 4 w= 9 nsites= 9 E= 0
0.188119	0.108911	0.554455	0.148515	
0.40404	0.282828	0.242424	0.0707071	
0	0	0	1	
1	0	0	0	
0	0	1	0	
0	1	0	0	
0	0	1	0	
0	0.73	0.17	0.1	
0.54	0.15	0.16	0.15	

MOTIF SUM1
letter-probability matrix: alength= 4 w= 9 nsites= 9 E= 0
0.5	0.14	0.14	0.22	
0.52	0.08	0.08	0.32	
0.62	0.02	0.02	0.34	
1	0	0	0	
0	0	0	1	
0.08	0	0	0.92	
0.24	0	0	0.76	
0.282828	0.0505051	0.0505051	0.616162	
0.15	0.15	0.11	0.59	

MOTIF SUT1
letter-probability matrix: alength= 4 w= 7 nsites= 7 E= 0
0.1	0.617391	0.156522	0.126087	
0.201681	0.0210084	0.777311	0	
0	1	0	0	
0.0310078	0.236434	0.728682	0.00387597	
0	0.169118	0.830882	0	
0.208511	0.148936	0.642553	0	
0.189655	0.0603448	0.732759	0.0172414	

MOTIF SUT2
letter-probability matrix: alength= 4 w= 20 nsites= 20 E= 0
0.333667	0.232465	0.112224	0.321643	
0.225451	0.206413	0.264529	0.303607	
0.269809	0.218656	0.277834	0.233701	
0.354354	0.2002	0.1001	0.345345	
0.248497	0.216433	0.153307	0.381764	
0.523046	0.0851703	0.287575	0.104208	
0.941884	0.00601202	0.012024	0.0400802	
0.972946	0	0.011022	0.0160321	
0	0.710421	0.287575	0.00200401	
0.001002	0.0160321	0	0.982966	
0.00200602	0.994985	0.00100301	0.00200602	
0.001002	0.985972	0.012024	0.001002	
0.00200401	0.001002	0.99499	0.00200401	
0.791374	0.0160481	0.168506	0.0240722	
0.524574	0.0802407	0.257773	0.137412	
0.375752	0.252505	0.154309	0.217435	
0.338338	0.214214	0.168168	0.279279	
0.279559	0.204409	0.209419	0.306613	
0.163327	0.253507	0.252505	0.330661	
0.281281	0.136136	0.244244	0.338338	

MOTIF SWI4
letter-probability matrix: alength= 4 w= 8 nsites= 8 E= 0
0.62	0.08	0.15	0.15	
0	1	0	0	
0.15	0	0.85	0	
0	1	0	0	
0	0	1	0	
1	0	0	0	
0.94	0.02	0.02	0.02	
0.613861	0.0792079	0.0792079	0.227723	

MOTIF SWI5
letter-probability matrix: alength= 4 w= 8 nsites= 8 E= 0
0.0792079	0.0792079	0.227723	0.613861	
0	0	1	0	
0	1	0	0	
0	0	0	1	
0	0	1	0	
0	0	1	0	
0.04	0.04	0.27	0.65	
0.25	0.25	0.1	0.4	

MOTIF TBF1
letter-probability matrix: alength= 4 w= 8 nsites= 8 E= 0
0.61	0.11	0.12	0.16	
0.46	0.11	0.35	0.08	
0.148515	0.831683	0.00990099	0.00990099	
0	1	0	0	
0	1	0	0	
0	0.01	0	0.99	
0.757576	0.0808081	0.111111	0.0505051	
0.376238	0.188119	0.267327	0.168317	

MOTIF TBS1
letter-probability matrix: alength= 4 w= 8 nsites= 8 E= 0
0.12	0.78	0.05	0.05	
0.030303	0.030303	0.909091	0.030303	
0.019802	0.019802	0.940594	0.019802	
0.757576	0.0808081	0.0808081	0.0808081	
0.20202	0.131313	0.131313	0.535354	
0	1	0	0	
0	1	0	0	
0.0808081	0.0808081	0.757576	0.0808081	

MOTIF TEA1
letter-probability matrix: alength= 4 w= 8 nsites= 8 E= 0
0.05	0.05	0.75	0.15	
0	1	0	0	
0	0	1	0	
0	0.4	0.6	0	
0.5	0	0.5	0	
0	0.8	0.2	0	
0.6	0	0.1	0.3	
0.15	0.2	0.05	0.6	

MOTIF TEC1
letter-probability matrix: alength= 4 w= 8 nsites= 8 E= 0
0.52	0.07	0.34	0.07	
0	0.95	0.05	0	
1	0	0	0	
0.05	0	0	0.95	
0	0	0	1	
0	0.91	0.09	0	
0	0.68	0	0.32	
0.1	0.47	0.15	0.28	

MOTIF THI2
letter-probability matrix: alength= 4 w= 15 nsites= 15 E= 0
0.0814229	0	0.918577	0	
0	0	1	0	
0.517504	0.436073	0	0.0464231	
1	0	0	0	
1	0	0	0	
0	0.809486	0	0.190514	
0	0.402819	0	0.597181	
0.0533434	0.450038	0.429001	0.0676183	
0.346519	0	0	0.653481	
0.728063	0	0	0.271937	
1	0	0	0	
0	0	1	0	
1	0	0	0	
0.643196	0	0.356804	0	
0.100311	0.830482	0.0692068	0	

MOTIF TOS8
letter-probability matrix: alength= 4 w= 8 nsites= 8 E= 0
0.28	0.47	0.2	0.05	
0.01	0.16	0.01	0.82	
0	0	1	0	
0	0	0	1	
0	1	0	0	
1	0	0	0	
0.64	0.07	0.07	0.22	
0.505051	0.151515	0.151515	0.191919	

MOTIF TYE7
letter-probability matrix: alength= 4 w= 7 nsites= 7 E= 0
0.0294118	0.911765	0.0294118	0.0294118	
1	0	0	0	
0	1	0	0	
0	0.1	0.9	0	
0	0	0	1	
0	0	1	0	
0.764706	0.0784314	0.0784314	0.0784314	

MOTIF UGA3
letter-probability matrix: alength= 4 w= 8 nsites= 8 E= 0
0.1	0.44	0.27	0.19	
0.040404	0.282828	0.636364	0.040404	
0	0	1	0	
0	1	0	0	
0	0	1	0	
0	0	1	0	
0.02	0.27	0.69	0.02	
0.858586	0.020202	0.020202	0.10101	

MOTIF UPC2
letter-probability matrix: alength= 4 w= 7 nsites= 7 E= 0
0.16	0.25	0.19	0.4	
0.59596	0.030303	0.282828	0.0909091	
0.38	0	0	0.62	
1	0	0	0	
0	1	0	0	
0.01	0	0.99	0	
0.821782	0.049505	0.0891089	0.039604	

MOTIF UME6
letter-probability matrix: alength= 4 w= 13 nsites= 13 E= 0
0.111111	0	0	0.888889	
0	0.555556	0.277778	0.166667	
0.111111	0	0.888889	0	
0	0	1	0	
0	1	0	0	
0	0	1	0	
0	0	1	0	
0	0.944444	0	0.0555556	
0.0555556	0	0	0.944444	
1	0	0	0	
0.555556	0.0555556	0	0.388889	
0.388889	0.111111	0.0555556	0.444444	
0.111111	0	0.0555556	0.833333	

MOTIF USV1
letter-probability matrix: alength= 4 w= 20 nsites= 20 E= 0
0.269809	0.223671	0.250752	0.255767	
0.306613	0.182365	0.216433	0.294589	
0.342342	0.168168	0.206206	0.283283	
0.131263	0.193387	0.146293	0.529058	
0.1334	0.0551655	0.157472	0.653962	
0.318637	0.552104	0.101202	0.0280561	
0.00100301	0.96991	0.0260782	0.00300903	
0	0.97994	0	0.0200602	
0.00300601	0.99499	0.001002	0.001002	
0.001002	0.982966	0	0.0160321	
0	0.00601202	0.00300601	0.990982	
0	0.00200602	0.871615	0.126379	
0.958877	0	0.0361083	0.00501505	
0.851703	0.0921844	0.0210421	0.0350701	
0.174349	0.257515	0.162325	0.405812	
0.233233	0.235235	0.0930931	0.438438	
0.212212	0.191191	0.197197	0.399399	
0.181363	0.185371	0.321643	0.311623	
0.205411	0.1002	0.265531	0.428858	
0.219659	0.297894	0.366098	0.116349	

MOTIF XBP1
letter-probability matrix: alength= 4 w= 7 nsites= 7 E= 0
0.118812	0.50495	0.0693069	0.306931	
0	0	0	1	
0	1	0	0	
0	0	1	0	
1	0	0	0	
0.39604	0.0792079	0.49505	0.029703	
0.313131	0.222222	0.313131	0.151515	

MOTIF YAP1
letter-probability matrix: alength= 4 w= 20 nsites= 20 E= 0
0.297297	0.261261	0.211211	0.23023	
0.143143	0.225225	0.313313	0.318318	
0.148148	0.128128	0.305305	0.418418	
0.240481	0.121242	0.201403	0.436874	
0.212425	0.210421	0.327655	0.249499	
0.397796	0.529058	0.0501002	0.0230461	
0.00501505	0.00300903	0.00802407	0.983952	
0.00801603	0.0130261	0.00601202	0.972946	
0.977956	0.00300601	0.00901804	0.01002	
0.00100301	0.902708	0.0361083	0.0601805	
0.0601805	0.0361083	0.902708	0.00100301	
0.01002	0.00901804	0.00300601	0.977956	
0.972946	0.00601202	0.0130261	0.00801603	
0.983952	0.00802407	0.00300903	0.00501505	
0.0351053	0.0280843	0.517553	0.419258	
0.320641	0.332665	0.228457	0.118236	
0.182182	0.273273	0.154154	0.39039	
0.247495	0.308617	0.204409	0.239479	
0.248497	0.254509	0.309619	0.187375	
0.199599	0.195587	0.177533	0.427282	

MOTIF YAP3
letter-probability matrix: alength= 4 w= 8 nsites= 8 E= 0
0.65	0.19	0.12	0.04	
0	0	0	1	
0	0	0	1	
1	0	0	0	
0	1	0	0	
0	0	1	0	
0.02	0.02	0.02	0.94	
0.5	0.12	0.19	0.19	

MOTIF YAP5
letter-probability matrix: alength= 4 w= 6 nsites= 6 E= 0
0.782051	0	0	0.217949	
0.649215	0	0.350785	0	
0.387387	0	0.612613	0	
0	0.939502	0	0.0604982	
1	0	0	0	
0.121795	0	0	0.878205	

MOTIF YAP6
letter-probability matrix: alength= 4 w= 20 nsites= 20 E= 0
0.174349	0.297595	0.371743	0.156313	
0.228686	0.141424	0.588766	0.0411234	
0.134269	0.0921844	0.332665	0.440882	
0.114114	0.434434	0.109109	0.342342	
0.252252	0.231231	0.0720721	0.444444	
0.0430862	0.114228	0.647295	0.195391	
0.492477	0.41324	0.0361083	0.0581745	
0.0270541	0.0230461	0.0561122	0.893788	
0.0250501	0.0210421	0.112224	0.841683	
0.890782	0.0320641	0.0490982	0.0280561	
0.0380762	0.556112	0.103206	0.302605	
0.172345	0.0480962	0.723447	0.0561122	
0.0671343	0.0851703	0.0370741	0.810621	
0.647648	0.193193	0.0640641	0.0950951	
0.831494	0.0621866	0.0722166	0.0341023	
0.162487	0.0762287	0.482447	0.278837	
0.228228	0.474474	0.142142	0.155155	
0.337675	0.0851703	0.428858	0.148297	
0.430862	0.127255	0.302605	0.139279	
0.166333	0.43988	0.243487	0.150301	

MOTIF YAP7
letter-probability matrix: alength= 4 w= 11 nsites= 11 E= 0
0.663684	0.23817	0.0179873	0.0801587	
0.0183876	0	0	0.981612	
0	0	0.202912	0.797088	
0.965177	0.00929879	0.00920391	0.0163203	
0.117089	0.10854	0.77437	0	
0	0.00920915	0	0.990791	
0.740695	0.240457	0.0188482	0	
1	0	0	0	
0.00913157	0	0.588054	0.402814	
0.205904	0.711313	0.046663	0.0361203	
0.58595	0.0998758	0.205162	0.109012	

MOTIF YBR239C
letter-probability matrix: alength= 4 w= 8 nsites= 8 E= 0
0.515152	0.10101	0.222222	0.161616	
0.06	0.47	0.06	0.41	
0	1	0	0	
0	0	1	0	
0	0	1	0	
1	0	0	0	
1	0	0	0	
0.040404	0.636364	0.040404	0.282828	

MOTIF YDR026C
letter-probability matrix: alength= 4 w= 10 nsites= 10 E= 0
0.0913386	0	0.143832	0.764829	
0	0	0.0215401	0.97846	
0	0.054584	0	0.945416	
1	0	0	0	
0	1	0	0	
0	1	0	0	
0.0635433	0.936457	0	0	
0	0	1	0	
0.0267321	0	0.973268	0	
0.384122	0.414694	0.0576923	0.143491	

MOTIF YDR520C
letter-probability matrix: alength= 4 w= 10 nsites= 10 E= 0
0.247525	0.376238	0.108911	0.267327	
0	1	0	0	
0	0	1	0	
0	0	1	0	
0.74	0.09	0.17	0	
0.23	0.17	0.46	0.14	
0.565657	0	0	0.434343	
0.141414	0	0	0.858586	
0.94	0.06	0	0	
0.36	0.17	0.15	0.32	

MOTIF YER130C
letter-probability matrix: alength= 4 w= 9 nsites= 9 E= 0
0.353535	0.282828	0.232323	0.131313	
0	0.97	0.01	0.02	
0	0.91	0	0.09	
0	1	0	0	
0	1	0	0	
0	0	0	1	
0.6	0	0.08	0.32	
0.21	0	0.04	0.75	
0.323232	0.282828	0.0505051	0.343434	

MOTIF YER184C
letter-probability matrix: alength= 4 w= 8 nsites= 8 E= 0
0.282828	0.373737	0.0606061	0.282828	
0.02	0.17	0.1	0.71	
0	0.77	0.15	0.08	
0	1	0	0	
0	0	1	0	
0	0	1	0	
0.69	0.31	0	0	
0.464646	0.151515	0.232323	0.151515	

MOTIF YGR067C
letter-probability matrix: alength= 4 w= 14 nsites= 14 E= 0
0.356436	0.237624	0.267327	0.138614	
0	1	0	0	
0	0.99	0	0.01	
0	1	0	0	
0.01	0.99	0	0	
0.41	0	0.31	0.28	
0	0.98	0.01	0.01	
0.267327	0.257426	0.168317	0.306931	
0.23	0.26	0.2	0.31	
0.24	0.26	0.2	0.3	
0.25	0.24	0.25	0.26	
0.25	0.22	0.26	0.27	
0.22	0.26	0.26	0.26	
0.257426	0.237624	0.257426	0.247525	

MOTIF YHP1
letter-probability matrix: alength= 4 w= 6 nsites= 6 E= 0
0	0	0	1	
1	0	0	0	
1	0	0	0	
0	0	0	1	
0	0	0	1	
0	0	1	0	

MOTIF YJL103C
letter-probability matrix: alength= 4 w= 11 nsites= 11 E= 0
0.39	0.21	0.19	0.21	
0.26	0.25	0.27	0.22	
0.15	0.43	0.17	0.25	
0.12	0.3	0.1	0.48	
0.02	0.94	0.02	0.02	
0	1	0	0	
0	0.0707071	0.929293	0	
0.05	0.01	0.93	0.01	
0.575758	0.0707071	0.262626	0.0909091	
0.26	0.17	0.46	0.11	
0.35	0.26	0.18	0.21	

MOTIF YKL222C
letter-probability matrix: alength= 4 w= 9 nsites= 9 E= 0
0.475248	0.227723	0.148515	0.148515	
0.69	0.1	0.19	0.02	
0	1	0	0	
0	0	1	0	
0	0	1	0	
0.92	0	0.08	0	
0.52	0.02	0.44	0.02	
0.65	0.06	0.06	0.23	
0.10101	0.10101	0.10101	0.69697	

MOTIF YLL054C
letter-probability matrix: alength= 4 w= 7 nsites= 7 E= 0
0	1	0	0	
0	0	1	0	
0	0	1	0	
0.212121	0.646465	0.141414	0	
0.09	0.66	0.16	0.09	
0.13	0.05	0.77	0.05	
0.571429	0.142857	0.0714286	0.214286	

MOTIF YLR278C
letter-probability matrix: alength= 4 w= 8 nsites= 8 E= 0
0.131313	0.424242	0.131313	0.313131	
0	1	0	0	
0	0	1	0	
0	0	1	0	
0.96	0	0.04	0	
0.04	0.14	0.82	0	
0.23	0.02	0.05	0.7	
0.27	0.05	0.05	0.63	

MOTIF YML081W
letter-probability matrix: alength= 4 w= 9 nsites= 9 E= 0
0.32	0.24	0.23	0.21	
0	1	0	0	
0	1	0	0	
0	1	0	0	
0	1	0	0	
0.3	0	0.36	0.34	
0	1	0	0	
0.435644	0.158416	0.029703	0.376238	
0.19	0.35	0.15	0.31	

MOTIF YNR063W
letter-probability matrix: alength= 4 w= 8 nsites= 8 E= 0
0.0784314	0.0784314	0.176471	0.666667	
0	1	0	0	
0	0	1	0	
0	0	1	0	
1	0	0	0	
0.1	0	0.8	0.1	
0.9	0	0	0.1	
0.323529	0.0294118	0.0294118	0.617647	

MOTIF YOX1
letter-probability matrix: alength= 4 w= 8 nsites= 8 E= 0
0.010101	0.252525	0.0707071	0.666667	
0	0	0	1	
1	0	0	0	
1	0	0	0	
0	0	0	1	
0	0	0	1	
0.613861	0.029703	0.148515	0.207921	
0.545455	0.131313	0.131313	0.191919	

MOTIF YPR013C
letter-probability matrix: alength= 4 w= 9 nsites= 9 E= 0
0.111111	0.363636	0.111111	0.414141	
0	0	1	0	
0.09	0.26	0	0.65	
0.63	0.26	0	0.11	
0.4	0	0.6	0	
1	0	0	0	
0	0	0	1	
0	1	0	0	
0.36	0.3	0.17	0.17	

MOTIF YPR015C
letter-probability matrix: alength= 4 w= 20 nsites= 20 E= 0
0.0751503	0.242485	0.144289	0.538076	
0.158317	0.204409	0.341683	0.295591	
0.382382	0.17017	0.173173	0.274274	
0.376754	0.240481	0.137275	0.245491	
0.274549	0.0501002	0.462926	0.212425	
0.553106	0.169339	0.240481	0.0370741	
0.0160321	0.748497	0.0170341	0.218437	
0.00400802	0.00400802	0.98998	0.00200401	
0.002002	0.016016	0.003003	0.978979	
0.98497	0.00701403	0.00300601	0.00501002	
0.885772	0.001002	0.109218	0.00400802	
0.987976	0.00200401	0.00400802	0.00601202	
0.00501002	0.00200401	0.00200401	0.990982	
0.00401204	0.985958	0.00100301	0.00902708	
0.326326	0.575576	0.0550551	0.043043	
0.0862588	0.221665	0.0772317	0.614845	
0.258517	0.190381	0.196393	0.354709	
0.45045	0.11011	0.173173	0.266266	
0.281281	0.396396	0.0620621	0.26026	
0.334002	0.330993	0.0682046	0.2668	

MOTIF YPR022C
letter-probability matrix: alength= 4 w= 7 nsites= 7 E= 0
0.148515	0.653465	0	0.19802	
0	1	0	0	
0	1	0	0	
0	1	0	0	
1	0	0	0	
0	1	0	0	
0.227723	0.257426	0.336634	0.178218	

MOTIF YPR196W
letter-probability matrix: alength= 4 w= 9 nsites= 9 E= 0
0.61	0	0.26	0.13	
0.32	0	0	0.68	
0.17	0	0	0.83	
0.242424	0.040404	0.020202	0.69697	
0.17	0.44	0.11	0.28	
0.12	0.32	0.07	0.49	
0	0.93	0.07	0	
0	1	0	0	
0.029703	0	0.920792	0.049505	

MOTIF YRM1
letter-probability matrix: alength= 4 w= 8 nsites= 8 E= 0
0.51	0.15	0.23	0.11	
0.02	0.94	0.02	0.02	
0	0	1	0	
0	0	1	0	
1	0	0	0	
0.6	0.12	0.16	0.12	
0.93	0.01	0.01	0.05	
0.12	0.08	0.04	0.76	

MOTIF YRR1
letter-probability matrix: alength= 4 w= 11 nsites= 11 E= 0
0.21	0.42	0.22	0.15	
0.161616	0.161616	0.10101	0.575758	
0.22	0.08	0.04	0.66	
0.89	0.01	0.02	0.08	
0.19	0.09	0.04	0.68	
0.277228	0.326733	0.0792079	0.316832	
0.039604	0.217822	0.0693069	0.673267	
0	1	0	0	
0	1	0	0	
0.03	0	0.95	0.02	
0.06	0.41	0.14	0.39	

MOTIF ZAP1
letter-probability matrix: alength= 4 w= 15 nsites= 15 E= 0
1	0	0	0	
0	1	0	0	
0	1	0	0	
0	0.47549	0	0.52451	
0	0	0	1	
0.532338	0.383085	0.0845771	0	
1	0	0	0	
0.61658	0.0880829	0.295337	0	
0	0	1	0	
0	0	1	0	
0	0	0	1	
0.0985915	0.455399	0.173709	0.2723	
0.643243	0	0.308108	0.0486486	
0.0526316	0.0994152	0	0.847953	
0.188525	0	0.811475	0	

MOTIF ZMS1
letter-probability matrix: alength= 4 w= 9 nsites= 9 E= 0
0.15	0.15	0.15	0.55	
0.313131	0.111111	0.111111	0.464646	
0	1	0	0	
0	1	0	0	
0	1	0	0	
0	1	0	0	
0.188119	0.039604	0.534653	0.237624	
0.05	0.85	0.05	0.05	
0.5	0.1	0.1	0.3	

